1506942473.484027
1506942474.483193
1506942475.481834
1506942476.480930
1506942477.481815
1506942478.481487
1506942479.480726
1506942480.483420
1506942481.483936
1506942482.482131
1506942483.480862
1506942484.480963
1506942485.480259
1506942486.479530
1506942487.479214
1506942488.478824
1506942489.478285
1506942490.477398
1506942602.475396
1506942603.475343
1506942604.475373
1506942605.475618
1506942606.475622
1506942607.475560
1506942608.475424
1506942609.475570
1506942610.475772
1506942611.475872
1506942612.475913
1506942613.475850
1506942614.475869
1506942615.475632
1506942616.475693
1506942617.475673
1506942618.475629
1506942619.475628
1506942620.475645
1506942621.475723
1506942622.475877
1506942623.476026
1506942679.476572
1506942680.476593
1506942681.476652
1506942682.476682
1506942683.476724
1506942684.476727
1506942685.476704
1506942686.476769
1506942687.476722
1506942688.476654
1506942689.476653
1506943016.482676
1506943017.482900
1506943018.482395
1506943019.481484
1506943020.481201
1506943021.481045
1506943022.481102
1506943023.480281
1506943024.479518
1506943025.478840
1506943026.478262
1506943027.477714
1506943028.477441
1506943029.477275
1506943030.476772
1506943031.476865
1506943032.476964
1506943033.477067
1506943034.477654
1506943035.478214
1506943036.478570
1506943037.478566
1506943038.478635
1506943039.478751
1506943040.478283
1506943041.478215
1506943042.478516
1506943043.479218
1506943044.479945
1506943045.479433
1506943046.478701
1506943047.478101
1506943048.477608
1506943049.477325
1506943050.477681
1506943051.477804
1506943052.478510
1506943053.478622
1506943054.478816
1506943055.479435
1506943056.478730
1506943057.478327
1506943058.477989
1506943191.487683
1506943192.489465
1506943193.490024
1506943194.490140
1506943195.490107
1506943196.489851
1506943197.489167
1506943198.486331
1506943199.482288
1506943200.479823
1506943201.478550
1506943202.477861
1506943203.477387
1506943204.477247
1506943205.477513
1506943206.479882
1506943207.485466
1506943208.488222
1506943209.488850
1506943210.489545
1506943211.488252
1506943212.486652
1506943213.485856
1506943214.486492
1506943215.487855
1506943216.489393
1506943217.488109
1506943218.486129
1506943219.483367
1506943220.483495
1506943221.487363
1506943222.489613
1506943223.485551
1506943224.482398
1506943225.481240
1506943226.481507
1506943227.487228
1506943228.490407
1506943229.490273
1506943230.488128
1506943231.485679
1506943232.485051
1506943233.484296
1506943234.483327
1506943339.478716
1506943340.478578
1506943341.478461
1506943342.478196
1506943343.478088
1506943344.479537
1506943345.483645
1506943346.486767
1506943347.486852
1506943348.486382
1506943349.485853
1506943350.485278
1506943351.484269
1506943352.483117
1506943353.482729
1506943354.483612
1506943355.484391
1506943356.483454
1506943357.483161
1506943453.478476
1506943454.478478
1506943455.478411
1506943456.478291
1506943457.478089
1506943458.477976
1506943459.478338
1506943460.478579
1506943461.478259
1506943462.478565
1506943463.481272
1506943464.483310
1506943465.483142
1506943466.485489
1506943467.485974
1506943468.484822
1506943469.484218
1506943470.485110
1506943471.486818
1506943472.488101
1506943473.488460
1506943474.489142
1506943475.489714
1506943476.489675
1506943477.488606
1506943478.487107
1506943479.483500
1506943480.480963
1506943481.479625
1506943482.479264
1506943483.479347
1506943498.479168
1506943499.479154
1506943500.479164
1506943501.479236
1506943502.479238
1506943503.479193
1506943504.479193
1506943505.479232
1506943506.479256
1506943507.479223
1506943508.479225
1506943509.479224
1506943510.479177
1506943511.479139
1506943537.487157
1506943538.486899
1506943539.486283
1506943540.485266
1506943541.484049
1506943542.483899
1506943543.485062
1506943544.483398
1506943545.481741
1506943546.480558
1506943547.480216
1506943548.479697
1506943549.479489
1506943550.479265
1506943551.479137
1506943552.479410
1506943553.479861
1506943554.480519
1506943555.481424
1506943556.482920
1506943557.483956
1506943558.485853
1506943559.485561
1506943560.484410
1506943561.483759
1506943562.482913
1506943563.481181
1506943564.482039
1506943565.480483
1506943566.479815
1506943567.479322
1506943568.479030
1506943569.478977
1506943570.479218
1506943571.480632
1506943572.482979
1506943573.483454
1506943574.483837
1506943575.484109
1506943576.483902
1506943577.484276
1506943578.485018
1506943579.486286
1506943580.485838
1506943584.480955
1506943585.480633
1506943586.480252
1506943587.480155
1506943588.480111
1506943589.479889
1506943590.479804
1506943591.480622
1506943592.481526
1506943593.481867
1506943594.482012
1506943595.482292
1506943596.482448
1506943597.482812
1506943598.483565
1506943622.487299
1506943623.487100
1506943624.487055
1506943625.487192
1506943626.487540
1506943627.487664
1506943628.487583
1506943629.487561
1506943630.487423
1506943631.487325
1506943632.487254
1506943726.478773
1506943727.478899
1506943728.478439
1506943729.478493
1506943730.478521
1506943731.478757
1506943732.478917
1506943733.478803
1506943734.478859
1506943735.479382
1506943736.479881
1506943737.480735
1506943738.479961
1506943739.479513
1506943740.479635
1506943741.480194
1506943742.480693
1506943743.480897
1506943744.480452
1506943745.480292
1506943822.379493
1506943823.379507
1506943824.379505
1506943825.379462
1506943826.379485
1506943827.379505
1506943828.379775
1506943829.379867
1506943830.379653
1506943831.379961
1506943832.380142
1506943833.379981
1506943834.379683
1506943835.379660
1506943836.379759
1506943837.379863
1506943838.380233
1506943839.380045
1506943840.379699
1506943841.379575
1506943842.379607
1506943843.379692
1506943844.379847
1506943845.380067
1506943846.380471
1506943868.381123
1506943869.380356
1506943870.380721
1506943871.382071
1506943872.382215
1506943873.382137
1506943874.383895
1506943875.387826
1506943876.392097
1506943877.394403
1506943878.392877
1506943879.391243
1506943880.390120
1506943900.392929
1506943901.388572
1506943902.384257
1506943903.381809
1506943904.380412
1506943905.379854
1506943906.379424
1506943907.379281
1506943908.379324
1506943909.379474
1506943910.379617
1506943911.379767
1506943912.379813
1506943913.379955
